%YAML:1.0
---
K: !!opencv-matrix
   rows: 3
   cols: 3
   dt: d
   data: [ 2.4538038046957008e+03, 0., 2.7986063254205428e+03, 0.,
       2.4525680157567408e+03, 2.0961376340692614e+03, 0., 0., 1. ]
D: !!opencv-matrix
   rows: 1
   cols: 5
   dt: d
   data: [ -2.5773753794061183e-01, 9.5626700997618316e-02,
       -4.3616722167274207e-04, 1.3248107620579923e-03,
       -1.9585951319148757e-02 ]
