%YAML:1.0
---
K: !!opencv-matrix
   rows: 3
   cols: 3
   dt: d
   data: [ 2.4621657774356681e+03, 0., 2.8133758715068193e+03, 0.,
       2.4610467002748692e+03, 2.0943935040293695e+03, 0., 0., 1. ]
D: !!opencv-matrix
   rows: 1
   cols: 5
   dt: d
   data: [ -2.4364773065101097e-01, 6.9543643054240059e-02,
       1.0258994051919137e-05, 2.9261952803684958e-04,
       -9.2517978440233746e-03 ]
